2 Cycle: (-1.4197558709509772, -0.7069010520949945)
2 Cycle: (-0.6502315170932407, 0.593996985180947)
2 Cycle: (0.7697418554024669, 0.38189404432073926)
2 Cycle: (1.1894824120521412, -0.3303253044624851)
2 Cycle: (1.1924592954326352, -0.3199062126307556)

4 Cycle: (-1.1786283171309515, 0.8708471395669026)
4 Cycle: (-0.6606506089249702, 0.6051602978578001)
4 Cycle: (-0.6398124252615112, 0.5865547767297117)
4 Cycle: (0.14459634549869627, 0.27993578853881473)
4 Cycle: (0.5658253438386178, -0.5930352627910934)
4 Cycle: (0.570290668909359, -0.5826161709593639)
4 Cycle: (1.1790633202204117, -0.33553485037834985)
4 Cycle: (1.2028783872643647, -0.3139524458697672)
4 Cycle: (1.7327636289923225, 0.07006551021397756)

6 Cycle: (-1.7948431768932396, 1.0070395542245099)
6 Cycle: (-1.189047408962681, 0.7822848589972018)
6 Cycle: (-1.1801167588211985, 0.7703773254752251)
6 Cycle: (-0.4998989063782864, 0.6981879034982421)
6 Cycle: (-0.3465894122828379, -0.8937004842210021)
6 Cycle: (-0.3004477198851785, -0.8884909383051374)
6 Cycle: (-0.16351108438244788, 0.5850663350394647)
6 Cycle: (-0.15606887593121233, 0.5739030223626116)
6 Cycle: (0.0835702361985664, 0.5165980172880993)
6 Cycle: (0.20413401310857893, 0.5099000296819876)
6 Cycle: (0.21604154663055564, -0.17627158952191302)
6 Cycle: (0.2993942812843917, -0.15245652247795993)
6 Cycle: (0.31874402325760354, 0.22709610853504358)
6 Cycle: (0.4601459838310755, -0.5967563670167111)
6 Cycle: (0.4660997505920639, -0.5863372751849816)
6 Cycle: (0.4884263759457701, 0.15341824486781364)
6 Cycle: (1.0212885010542219, 0.24049208374726727)
6 Cycle: (1.0376613596469397, 0.14895291979707226)
6 Cycle: (1.1567366948667055, 0.10727655247015422)
6 Cycle: (1.3829798317842608, 0.1563951282483076)
6 Cycle: (1.5452199760211918, -0.25441477825988434)
6 Cycle: (1.554150626162674, -0.24325146558303135)
6 Cycle: (1.8622580560438178, 0.10057856486404249)
6 Cycle: (2.0051484583075374, -0.08398820472659452)
6 Cycle: (2.072128334368655, 0.038064013873665425)

7 Cycle: (-1.6713025166027324, 1.0077837750696335)
7 Cycle: (-1.6147417323733437, 0.93559435309265)
7 Cycle: (-1.4718513301096248, 0.9556883159109859)
7 Cycle: (-1.4435709379949304, 0.871591360412026)
7 Cycle: (-0.37486980439753226, 0.6751170572994125)
7 Cycle: (-0.288540186363202, 0.6542788736359535)
7 Cycle: (-0.13374225057750655, -0.8349070374562427)
7 Cycle: (-0.10992718353355313, -0.8066266453415483)
7 Cycle: (0.11482751169375449, -0.7277392357584536)
7 Cycle: (0.1282234869059784, 0.5396688634869289)
7 Cycle: (0.15501543733042578, -0.7329487816743183)
7 Cycle: (0.43335403340662815, 0.38412670685610983)
7 Cycle: (0.4422846835481109, 0.3491483271353035)
7 Cycle: (0.5479640435556528, 0.316402609949868)
7 Cycle: (0.5792213190508413, 0.34765988544505655)
7 Cycle: (0.63578210328023, -0.07059222951437083)
7 Cycle: (0.7012735376511015, 0.07304239359447151)
7 Cycle: (0.7042504210315954, -0.05868469599239434)
7 Cycle: (0.777184063853702, 0.05666953500175387)
7 Cycle: (1.083803052044599, 0.2717493592424558)
7 Cycle: (1.2966502137499303, 0.22039812092893185)
7 Cycle: (1.3457687895280839, 0.2144443541679435)
7 Cycle: (1.735740512372817, -0.1904117855792602)
7 Cycle: (1.8607696143535706, -0.14873541825234216)
7 Cycle: (1.8682118228048066, -0.13831632642061265)
7 Cycle: (1.9203072819634541, 0.08941525218718938)

8 Cycle: (-2.0449013808547476, 1.1022998224003222)
8 Cycle: (-1.7323286259028625, 1.0308546212684628)
8 Cycle: (-1.7114904422394035, 0.9690842911232094)
8 Cycle: (-1.317053394323929, 0.8254496680143668)
8 Cycle: (-1.1503479250162572, 0.7919597299838077)
8 Cycle: (-1.1429057165650216, 0.7807964173069546)
8 Cycle: (-0.9270816714791961, 0.8098210302667725)
8 Cycle: (-0.9196394630279607, 0.799401938435043)
8 Cycle: (-0.6740465841371939, -1.0224506904273738)
8 Cycle: (-0.4597109807416153, -0.33479062953322625)
8 Cycle: (-0.44482656383914465, 0.6981879034982421)
8 Cycle: (-0.35403162073407324, 0.47194476658068707)
8 Cycle: (-0.3465894122828379, 0.46152567474895756)
8 Cycle: (-0.2423984939655428, -0.8527683377392076)
8 Cycle: (-0.23942161058504863, 0.6431155609591004)
8 Cycle: (-0.21411810185084845, -0.8661643129514313)
8 Cycle: (0.21306466325006168, 0.26653981332659105)
8 Cycle: (0.28450986438192105, -0.6622478013875823)
8 Cycle: (0.46907663397255783, -0.1085474926156712)
8 Cycle: (0.4765188424237934, 0.28886643868029727)
8 Cycle: (0.48991481763601685, 0.41761664488666894)
8 Cycle: (0.5003339094677464, 0.27993578853881473)
8 Cycle: (0.5345680683434293, -0.5781508458886226)
8 Cycle: (0.5524293686263939, 0.13927804881046635)
8 Cycle: (0.5851750858118296, -0.22687860699031348)
8 Cycle: (0.5926172942630652, 0.1206725276823779)
8 Cycle: (0.8114182227293849, 0.2925875429059148)
8 Cycle: (0.8992362824539621, 0.27472624262295)
8 Cycle: (0.9334704413296446, -0.46354083573959803)
8 Cycle: (1.0659417517616343, 0.31193728487912686)
8 Cycle: (1.1820402036009057, 0.24272474628263785)
8 Cycle: (1.2862311219182008, 0.24719007135337923)
8 Cycle: (1.3904220402354959, 0.22114234177405545)
8 Cycle: (1.5720119264456387, -0.17403892698654244)
8 Cycle: (1.6032692019408272, 0.10429966908966004)
8 Cycle: (1.6404802441970041, -0.2246459444549429)
8 Cycle: (1.892026889848759, 0.09834590232867191)
8 Cycle: (2.051290150705196, 0.057413755846877246)
8 Cycle: (2.1792961360664447, -0.031148524722823367)
8 Cycle: (2.215018736632374, 0.017970051055330005)

9 Cycle: (-2.0791355397304305, 1.1097420308515578)
9 Cycle: (-1.702559792097921, 1.0226681919721041)
9 Cycle: (-1.663860308151497, 0.9541998742207387)
9 Cycle: (-1.5834844568781552, 0.9527114325304915)
9 Cycle: (-1.5477618563122255, 0.963130524362221)
9 Cycle: (-1.5209699058877781, 0.9318732488670325)
9 Cycle: (-1.5135276974365428, 0.921454157035303)
9 Cycle: (-1.4465478213754244, 0.9527114325304915)
9 Cycle: (-1.1295097413527981, 0.8626607102705437)
9 Cycle: (-1.0565760985306916, 0.8455436308327022)
9 Cycle: (-1.0416916816282207, 0.8462878516778258)
9 Cycle: (-0.5683672241296516, -0.36753634671866187)
9 Cycle: (-0.40761552158296777, 0.685536149131142)
9 Cycle: (-0.1754186179044246, -0.8304417123855015)
9 Cycle: (-0.14267290071898886, 0.39231313615246877)
9 Cycle: (-0.10546185846281197, 0.3789171609402451)
9 Cycle: (-0.032528215640705405, -0.7902537867488305)
9 Cycle: (0.04635919394238952, -0.7604849529438891)
9 Cycle: (0.05528984408387183, 0.3208679350206092)
9 Cycle: (0.125246603525484, 0.5500879553186584)
9 Cycle: (0.19669180465734382, -0.6935050768827709)
9 Cycle: (0.2339028469135207, 0.4362221660147574)
9 Cycle: (0.24878726381599137, 0.41836086573179254)
9 Cycle: (0.2592063556477209, 0.42877995756352205)
9 Cycle: (0.4601459838310755, 0.4585487913684634)
9 Cycle: (0.4958685843970052, 0.4451528161562397)
9 Cycle: (0.5717791105996062, -0.0869650881070887)
9 Cycle: (0.6208976863777593, 0.4250588533379043)
9 Cycle: (0.6432243117314655, -0.563266428986152)
9 Cycle: (0.6491780784924539, 0.09983434401891889)
9 Cycle: (0.6551318452534423, 0.33500813107795646)
9 Cycle: (0.6729931455364069, 0.09983434401891889)
9 Cycle: (0.7489036717390078, -0.5290322701104693)
9 Cycle: (0.777184063853702, -0.5186131782787398)
9 Cycle: (0.7816493889244431, 0.18318707867275497)
9 Cycle: (0.8411870565343262, 0.3290543643169681)
9 Cycle: (0.8575599151270441, -0.010310341059364347)
9 Cycle: (0.8590483568172909, 0.020202713590700583)
9 Cycle: (0.8709558903392676, 0.014248946829712228)
9 Cycle: (0.8962593990734677, 0.3208679350206092)
9 Cycle: (1.1001759106373168, 0.295564426286409)
9 Cycle: (1.146317603034976, 0.273237800932703)
9 Cycle: (1.305580863891413, 0.252399617269244)
9 Cycle: (1.6851334949044166, 0.12588207359824266)
9 Cycle: (1.740205837443558, 0.11918408599213093)
9 Cycle: (1.8458851974511004, -0.07654599627535918)
9 Cycle: (1.8548158475925827, -0.0646384627533827)
9 Cycle: (1.926261048724442, 0.026900701196812316)
9 Cycle: (1.947099232387901, 0.020202713590700583)
9 Cycle: (2.201622761420151, -0.03189274556794697)
