2 Cycle: (-1.0, -1.0)
2 Cycle: (-0.20066666666666666, 0.5999999999999999)
2 Cycle: (0.33266666666666667, 0.33333333333333326)
2 Cycle: (0.5993333333333333, -0.20000000000000007)

3 Cycle: (0.714, -0.42866666666666664)

4 Cycle: (-0.734, -0.4666666666666667)
4 Cycle: (-0.4673333333333334, 0.06666666666666665)
4 Cycle: (0.06600000000000006, 0.8666666666666667)
4 Cycle: (0.8659999999999999, -0.7333333333333334)
4 Cycle: (0.8819999999999999, -0.7646666666666666)

5 Cycle: (0.29000000000000004, 0.41933333333333334)

7 Cycle: (0.35399999999999987, 0.2913333333333332)
