1 Cycle: (-1.590848834591169, -0.4697352190926913)
1 Cycle: (-1.583687471462922, -0.4847740816620103)
1 Cycle: (-1.5801067898987986, -0.4740320369696396)
1 Cycle: (0.8762407630899713, 0.25320438870385775)
1 Cycle: (0.8869828077823421, 0.2746884780885992)

2 Cycle: (-0.6670329910472879, 0.41111244568170724)
2 Cycle: (0.8798214446540951, 0.2639464333962285)
2 Cycle: (1.3667941373749009, -0.20440671519113468)
2 Cycle: (1.3667941373749009, -0.19366467049876396)

4 Cycle: (-0.9892943318184092, 0.4701936914897461)
4 Cycle: (-0.6777750357396586, 0.42185449037407796)
4 Cycle: (0.2961703497019528, 0.26072381998851724)
4 Cycle: (0.3069123943943235, 0.26931745574241384)
4 Cycle: (0.8977248524747128, -0.2881946637916262)
4 Cycle: (1.5708929865299441, 0.08025746915668919)
4 Cycle: (1.5744736680940679, 0.09099951384905991)

6 Cycle: (-1.1289409128192285, 0.49275198534372466)
6 Cycle: (-1.025101147459645, 0.4605258512666125)
6 Cycle: (-1.0179397843313978, 0.44763539763576765)
6 Cycle: (-0.5882579966365693, 0.4433385797588193)
6 Cycle: (-0.5703545888159514, 0.4250771037817891)
6 Cycle: (0.33913852847143566, 0.3359181328351122)
6 Cycle: (0.43581693070277217, 0.24353654848072404)
6 Cycle: (0.6148510089089507, -0.3429790917227169)
6 Cycle: (0.6757225954990513, 0.18015848479573693)
6 Cycle: (0.6828839586272983, 0.19090052948810754)
6 Cycle: (0.8082078133716237, -0.3118271621148418)
6 Cycle: (0.8153691764998707, -0.2978625040147599)
6 Cycle: (1.495698673683349, -0.18184842133715617)
6 Cycle: (1.4992793552474728, -0.17110637664478545)
6 Cycle: (1.6246032099917977, 0.11248360323380135)

7 Cycle: (-1.5228158848728213, 0.5185328926054144)
7 Cycle: (-1.4655249798468442, 0.4959745987514358)
7 Cycle: (-1.3008136278971598, 0.4873809629975393)
7 Cycle: (-1.2936522647689128, 0.47234210042822034)
7 Cycle: (-1.2363613597429355, 0.5024198255668583)
7 Cycle: (-1.2291999966146885, 0.4873809629975393)
7 Cycle: (-0.4879989128411093, 0.4358191484741598)
7 Cycle: (-0.41638528155863774, 0.42829971718950033)
7 Cycle: (-0.40922391843039074, -0.450399538646424)
7 Cycle: (-0.405643236866267, 0.42078028590484085)
7 Cycle: (-0.3913205106097728, -0.4622157878080318)
7 Cycle: (-0.3913205106097728, 0.41111244568170724)
7 Cycle: (-0.26599665586544785, -0.43428647160786793)
7 Cycle: (0.1601044502652571, 0.348808586465957)
7 Cycle: (0.17800785808587505, -0.39991192859228164)
7 Cycle: (0.18158853964999855, 0.35847642668909074)
7 Cycle: (0.1994919474706165, -0.38809567943067386)
7 Cycle: (0.3033317128302002, 0.34236335965053466)
7 Cycle: (0.3140737575225705, 0.34988279093519414)
7 Cycle: (0.5110112435493672, 0.2865047272502069)
7 Cycle: (0.5145919251134905, 0.2639464333962285)
7 Cycle: (0.521753288241738, 0.29939518088105177)
7 Cycle: (0.5253339698058612, 0.2757626825578362)
7 Cycle: (0.6613998692425573, 0.22849768591140507)
7 Cycle: (0.6685612323708043, 0.2392397306037758)
7 Cycle: (0.7186907742685342, 0.26179802445775424)
7 Cycle: (0.7258521373967812, 0.27254006915012496)
7 Cycle: (0.7795623608586348, -0.12706399340606556)
7 Cycle: (0.7867237239868823, -0.11417353977522066)
7 Cycle: (0.8869828077823421, 0.10818678535685311)
7 Cycle: (0.8905634893464658, -0.08839263251353097)
7 Cycle: (0.8977248524747128, -0.07550217888268612)
7 Cycle: (0.9048862156029598, -0.06153752078260416)
7 Cycle: (0.9693384837571841, 0.05340235742576249)
7 Cycle: (1.1877600591687223, 0.18875212054963342)
7 Cycle: (1.1913407407328456, 0.19949416524200414)
7 Cycle: (1.4276657239650015, 0.15760019094175837)
7 Cycle: (1.5959577574788093, -0.15069649172928112)
7 Cycle: (1.649667980940663, 0.08885110491058579)
7 Cycle: (1.6532486625047862, -0.1313608112830138)
7 Cycle: (1.6532486625047862, 0.10066735407219363)
7 Cycle: (1.65682934406891, -0.12061876659064308)
7 Cycle: (1.6604100256330336, -0.10987672189827241)
7 Cycle: (1.7212816122231342, 0.04158610826415465)

8 Cycle: (-1.7555601865408534, 0.5228297104823626)
8 Cycle: (-1.608752242411787, 0.5110134613207548)
8 Cycle: (-1.5980101977194163, 0.526052323890074)
8 Cycle: (-1.5944295161552928, 0.5142360747284661)
8 Cycle: (-1.1754897731528349, -0.5191486246775966)
8 Cycle: (-1.1683284100245879, -0.5384843051238638)
8 Cycle: (-1.1289409128192285, 0.45515482892042713)
8 Cycle: (-1.0036170580749035, 0.44870960210500466)
8 Cycle: (-0.7314852592015122, 0.44870960210500466)
8 Cycle: (-0.6849363988679056, -0.4740320369696396)
8 Cycle: (-0.6741943541755349, -0.48584828613124736)
8 Cycle: (-0.6562909463549171, 0.3982219920508624)
8 Cycle: (-0.6276454938419285, -0.47940305931582494)
8 Cycle: (-0.5381284547388392, 0.42937392165873745)
8 Cycle: (-0.5094830022258507, -0.345127500661191)
8 Cycle: (-0.49874095753348, -0.35479534088432463)
8 Cycle: (-0.47367618658461486, -0.3440532961919539)
8 Cycle: (-0.45935346032812063, -0.35479534088432463)
8 Cycle: (-0.31970687932730146, 0.4089640367432331)
8 Cycle: (-0.20870575083947074, 0.40251880992781064)
8 Cycle: (-0.1836409798906058, 0.39499937864315116)
8 Cycle: (-0.16215689050586435, 0.3896283562969658)
8 Cycle: (-0.12993075642875218, 0.3831831294815433)
8 Cycle: (-0.06905916983865135, 0.37673790266612095)
8 Cycle: (-0.022510309505044956, 0.37673790266612095)
8 Cycle: (0.006135143007943489, 0.37888631160459507)
8 Cycle: (0.12071695305989794, 0.3563280177506166)
8 Cycle: (0.14578172400876288, 0.3649216535045131)
8 Cycle: (0.3176544390866942, 0.33376972389663806)
8 Cycle: (0.4465589753951429, -0.21622296435274246)
8 Cycle: (0.4644623832157606, -0.19688728390647514)
8 Cycle: (0.5110112435493672, 0.3090630211041855)
8 Cycle: (0.5611407854470971, 0.24353654848072404)
8 Cycle: (0.5647214670112208, 0.29617256747334053)
8 Cycle: (0.6148510089089507, 0.23816552613453867)
8 Cycle: (0.6828839586272983, 0.2768368870270733)
8 Cycle: (0.7186907742685342, 0.16511962222641785)
8 Cycle: (0.7938850871151293, -0.15499330960622937)
8 Cycle: (0.8010464502433763, -0.14102865150614746)
8 Cycle: (0.8332725843204885, -0.13888024256767334)
8 Cycle: (0.8368532658846122, -0.31075295764560473)
8 Cycle: (0.9335316681159487, 0.15652598647252125)
8 Cycle: (0.9836612100136786, 0.13181928368006868)
8 Cycle: (1.1340498357068687, 0.21238461887284898)
8 Cycle: (1.2593736904511936, 0.1790842803264998)
8 Cycle: (1.3274066401695412, 0.16726803116489197)
8 Cycle: (1.3345680032977887, 0.1790842803264998)
8 Cycle: (1.3775361820672716, 0.1704906445726032)
8 Cycle: (1.449149813349743, 0.15652598647252125)
8 Cycle: (1.4992793552474728, -0.15606751407546643)
8 Cycle: (1.4992793552474728, 0.1157062166415126)
8 Cycle: (1.6353452546841685, 0.10281576301066775)
8 Cycle: (1.7033782044025165, -0.10772831295979823)
8 Cycle: (1.7069588859666398, -0.09591206379819045)
8 Cycle: (1.7427657016078757, 0.03943769932568053)
8 Cycle: (1.7606691094284934, -0.057240702905655916)
8 Cycle: (1.7642497909926171, -0.04542445374404813)
8 Cycle: (1.7678304725567409, -0.03360820458244029)
8 Cycle: (1.7714111541208641, -0.02286615989006957)
8 Cycle: (1.7785725172491111, 0.0007663384331459966)

9 Cycle: (-1.5478806558216864, 0.513161870259229)
9 Cycle: (-1.5442999742575627, 0.5013456210976212)
9 Cycle: (-1.207715907229947, 0.47556471383593146)
9 Cycle: (-1.2041352256658235, 0.49919721215914714)
9 Cycle: (-0.7780341195351186, 0.44548698869729353)
9 Cycle: (-0.7493886670221299, -0.3773536347383032)
9 Cycle: (-0.7386466223297592, -0.39024408836914803)
9 Cycle: (-0.7386466223297592, -0.3784278392075402)
9 Cycle: (-0.5023216390976035, -0.4740320369696396)
9 Cycle: (-0.4879989128411093, -0.4600673788695576)
9 Cycle: (-0.10128530391576351, 0.38747994735849167)
9 Cycle: (-0.07263985140277507, -0.4138765866923636)
9 Cycle: (-0.0475750804539099, -0.4138765866923636)
9 Cycle: (-0.026090991069168457, -0.4128023822231265)
9 Cycle: (-0.004606901684427234, 0.38533153842001755)
9 Cycle: (0.006135143007943489, -0.4095797688154153)
9 Cycle: (0.020457869264437933, -0.4074313598769411)
9 Cycle: (0.04910332177742638, -0.40206033753075576)
9 Cycle: (0.06700672959804432, -0.3977635196538075)
9 Cycle: (0.41791352288215444, -0.3612405676997471)
9 Cycle: (0.41791352288215444, 0.2940241585348664)
9 Cycle: (0.42865556757452516, 0.3036919987580001)
9 Cycle: (0.4573010200875136, -0.2291134179835873)
9 Cycle: (0.46804306477988433, -0.23018762245282437)
9 Cycle: (0.46804306477988433, -0.21729716882197952)
9 Cycle: (0.48594647260050206, -0.2108519420065571)
9 Cycle: (0.5718828301394678, 0.3187308613273191)
9 Cycle: (0.6076896457807037, 0.2822079093732587)
9 Cycle: (0.6434964614219392, 0.2940241585348664)
9 Cycle: (0.6793032770631751, -0.14210285597538452)
9 Cycle: (0.6936260033196691, 0.2832821138424957)
9 Cycle: (0.7007873664479165, 0.2940241585348664)
9 Cycle: (0.7079487295761635, -0.13673183362919916)
9 Cycle: (0.736594182089152, 0.2843563183117328)
9 Cycle: (0.7580782714738934, 0.20593939205742662)
9 Cycle: (0.7795623608586348, 0.26072381998851724)
9 Cycle: (0.797465768679253, 0.20593939205742662)
9 Cycle: (0.9478543943724427, 0.1339676926185428)
9 Cycle: (0.9550157575006901, 0.2499817752961465)
9 Cycle: (0.9585964390648134, 0.13074507921083156)
9 Cycle: (0.9657578021930608, 0.2306460948498792)
9 Cycle: (0.9800805284495548, -0.023940364359306687)
9 Cycle: (0.9872418915778023, -0.006753092851513487)
9 Cycle: (0.9944032547060493, 0.011508383125516719)
9 Cycle: (1.0337907519114085, 0.23386870825759043)
9 Cycle: (1.3130839139130472, 0.18230689373421105)
9 Cycle: (1.3918589083237656, 0.17156484904184033)
9 Cycle: (1.524344126196338, 0.13611610155701692)
9 Cycle: (1.5673123049658209, -0.14854808279080695)
9 Cycle: (1.681894115017775, -0.11632194871369483)

10 Cycle: (-1.2184579519223178, -0.5266680559622561)
10 Cycle: (-1.1289409128192285, 0.48200994065135394)
10 Cycle: (-0.9713909239977914, 0.469119487020509)
10 Cycle: (-0.59900004132894, -0.36983420345364365)
10 Cycle: (-0.5846773150724456, -0.4740320369696396)
10 Cycle: (-0.5488704994312099, 0.3992961965200994)
10 Cycle: (-0.5345477731747157, 0.38533153842001755)
10 Cycle: (-0.4844182312769856, 0.37781210713535796)
10 Cycle: (-0.1478341642493699, 0.34988279093519414)
10 Cycle: (-0.10844666704401074, 0.34343756411977167)
10 Cycle: (-0.0439943988897864, 0.3799605160738322)
10 Cycle: (0.33197716534318866, 0.348808586465957)
10 Cycle: (0.6649805508066806, -0.18936785262181566)
10 Cycle: (0.6721419139349281, -0.17862580792944494)
10 Cycle: (0.6864646401914221, 0.17371325798031445)
10 Cycle: (0.6936260033196691, 0.18445530267268517)
10 Cycle: (0.7831430424227586, 0.2037909831189525)
10 Cycle: (0.7867237239868823, 0.2746884780885992)
10 Cycle: (0.8082078133716237, 0.14685814624938764)
10 Cycle: (0.8440146290128592, 0.2682432512731767)
10 Cycle: (0.8941441709105891, 0.24353654848072404)
10 Cycle: (0.9263703049877012, 0.24675916188843527)
10 Cycle: (0.9908225731419256, 0.23601711719606455)
10 Cycle: (1.0516941597320262, 0.22634927697293095)
10 Cycle: (1.2701157351435644, 0.20164257418047826)
10 Cycle: (1.3166645954771705, -0.2108519420065571)
10 Cycle: (1.3739555005031479, -0.21622296435274246)
10 Cycle: (1.45631117647799, 0.12322564792617208)
10 Cycle: (1.7284429753513812, -0.043276044805573954)
10 Cycle: (1.732023656915505, -0.03145979564396617)

11 Cycle: (-1.5371386111293157, 0.5120876657899919)
11 Cycle: (-1.333039761974272, 0.4895293719360133)
11 Cycle: (-1.3222977172819013, 0.49060357640525043)
11 Cycle: (-0.9284227452283085, 0.44011596635110817)
11 Cycle: (-0.9033579742794435, 0.42937392165873745)
11 Cycle: (-0.8961966111511964, 0.45730323785890126)
11 Cycle: (-0.8174216167404778, 0.45515482892042713)
11 Cycle: (-0.7744534379709949, 0.42937392165873745)
11 Cycle: (-0.6706136726114114, 0.4519322155127159)
11 Cycle: (-0.6276454938419285, 0.4497838065742418)
11 Cycle: (-0.6169034491495577, 0.4444127842280564)
11 Cycle: (-0.606161404457187, 0.4325965350664487)
11 Cycle: (-0.5417091363029629, -0.46114158333879474)
11 Cycle: (-0.3304489240196722, 0.36062483562756487)
11 Cycle: (-0.23018984022421218, 0.3466601775274829)
11 Cycle: (-0.12993075642875218, -0.42891544926168257)
11 Cycle: (-0.10844666704401074, -0.4310638582001567)
11 Cycle: (-0.03325235419741568, 0.3821089250123063)
11 Cycle: (0.08132945585453855, 0.29832097641181476)
11 Cycle: (0.11713627149577421, -0.40635715540770406)
11 Cycle: (0.21381467372711072, 0.2854305227809698)
11 Cycle: (0.41791352288215444, 0.33269551942740105)
11 Cycle: (0.44297829383101917, 0.3305471104889268)
11 Cycle: (0.4465589753951429, 0.2822079093732587)
11 Cycle: (0.4573010200875136, 0.2929499540656294)
11 Cycle: (0.5253339698058612, 0.3187308613273191)
11 Cycle: (0.611270327344827, 0.2950983630041035)
11 Cycle: (0.6399157798578159, -0.16036433195241473)
11 Cycle: (0.6542385061143099, -0.149622287260044)
11 Cycle: (0.729432818960905, -0.14532546938309576)
11 Cycle: (0.729432818960905, 0.22957189038064219)
11 Cycle: (0.7330135005250287, -0.13243501575225086)
11 Cycle: (0.8010464502433763, 0.25320438870385775)
11 Cycle: (0.8690793999617243, 0.1704906445726032)
11 Cycle: (0.8798214446540951, 0.18123268926497393)
11 Cycle: (0.9585964390648134, -0.02931138670549205)
11 Cycle: (0.9764998468854316, -0.28282364144544087)
11 Cycle: (0.9764998468854316, 0.25213018423462064)
11 Cycle: (0.9836612100136786, 0.02547304122559857)
11 Cycle: (0.9836612100136786, 0.043734517202628775)
11 Cycle: (1.0158873440907907, -0.2634879609991736)
11 Cycle: (1.0158873440907907, 0.2499817752961465)
11 Cycle: (1.0516941597320262, -0.2796010280377297)
11 Cycle: (1.2271475563740815, -0.23770705373748385)
11 Cycle: (1.2343089195023285, -0.22374239563740195)
11 Cycle: (1.2736964167076876, 0.18875212054963342)
11 Cycle: (1.323825958605418, 0.1866037116111593)
11 Cycle: (1.3954395898878893, -0.20333251072189762)
11 Cycle: (1.4527304949138662, -0.19688728390647514)
11 Cycle: (1.4670532211703606, 0.13289348814930568)
11 Cycle: (1.5744736680940679, 0.11785462557998672)
11 Cycle: (1.613861165299427, -0.12598978893682844)
11 Cycle: (1.6675713887612806, 0.05340235742576249)
11 Cycle: (1.6926361597101458, 0.02762145016407269)
11 Cycle: (1.7177009306590105, 0.012582587594753725)

12 Cycle: (-1.7304954155919885, 0.5228297104823626)
12 Cycle: (-1.6409783764888992, 0.5206813015438886)
12 Cycle: (-1.583687471462922, 0.5088650523822807)
12 Cycle: (-0.7851954826633656, -0.48584828613124736)
12 Cycle: (-0.5596125441235806, -0.47188362803116546)
12 Cycle: (-0.523805728482345, 0.42937392165873745)
12 Cycle: (-0.12635007486462846, 0.34343756411977167)
12 Cycle: (-0.09054325922339279, 0.3831831294815433)
12 Cycle: (0.3104930759584472, 0.30476620322723713)
12 Cycle: (0.33197716534318866, 0.32302767920426734)
12 Cycle: (0.38926807036916555, 0.2499817752961465)
12 Cycle: (0.40359079662566, 0.25320438870385775)
12 Cycle: (0.43223624913864844, 0.3262502926119786)
12 Cycle: (0.536076014498232, 0.2231266635652197)
12 Cycle: (0.5754635117035916, -0.3504985230073764)
12 Cycle: (0.6864646401914221, -0.3279402291533979)
12 Cycle: (0.7437555452173994, -0.31075295764560473)
12 Cycle: (0.7544975899097701, -0.31719818446102716)
12 Cycle: (0.7580782714738934, 0.2671690468039396)
12 Cycle: (0.7652396346021408, 0.27898529596554744)
12 Cycle: (0.8583373552693536, 0.2682432512731767)
12 Cycle: (1.0731782491167676, 0.0985189451337195)
12 Cycle: (1.087500975373262, -0.2634879609991736)
12 Cycle: (1.1412111988351157, 0.22420086803445682)
12 Cycle: (1.1555339250916101, -0.2527459163068029)
12 Cycle: (1.20566346698934, 0.20808780099590074)
12 Cycle: (1.2450509641946992, 0.18015848479573693)
12 Cycle: (1.338148684861912, 0.16511962222641785)
12 Cycle: (1.3667941373749009, 0.16297121328794373)
12 Cycle: (1.5136020815039672, 0.13719030602625404)
12 Cycle: (1.5494088971452027, 0.11892883004922383)
12 Cycle: (1.5529895787093264, 0.12967087474159456)
12 Cycle: (1.5995384390429326, 0.0899253093798229)
12 Cycle: (1.613861165299427, 0.10281576301066775)

13 Cycle: (-1.6946885999507528, 0.528200732828548)
13 Cycle: (-1.691107918386629, 0.5163844836669401)
13 Cycle: (-1.6553011027453934, 0.5217555060131255)
13 Cycle: (-1.65172042118127, 0.5088650523822807)
13 Cycle: (-1.483428387667462, 0.5088650523822807)
13 Cycle: (-1.4153954379491143, 0.4938261898129618)
13 Cycle: (-1.4118147563849908, 0.5045682345053325)
13 Cycle: (-1.35094316979489, 0.4949003942821987)
13 Cycle: (-1.1038761418703635, 0.45622903338966425)
13 Cycle: (-1.0465852368443862, -0.5094807844544629)
13 Cycle: (-1.0322625105878922, 0.4444127842280564)
13 Cycle: (-0.9463261530489264, -0.5127033978621741)
13 Cycle: (-0.9355841083565557, -0.5041097621082775)
13 Cycle: (-0.9212613821000614, -0.5041097621082775)
13 Cycle: (-0.9105193374076906, -0.5084065799852259)
13 Cycle: (-0.6562909463549171, -0.37413102133059195)
13 Cycle: (-0.6419682200984229, 0.41218665015094424)
13 Cycle: (-0.6312261754060522, 0.40466721886628476)
13 Cycle: (-0.5882579966365693, 0.407889832273996)
13 Cycle: (-0.5739352703800749, 0.39285096970467703)
13 Cycle: (-0.5524511809953336, 0.4347449440049228)
13 Cycle: (-0.4020625553021435, 0.3799605160738322)
13 Cycle: (-0.36267505809678435, 0.37673790266612095)
13 Cycle: (-0.3018034715066835, -0.4396574939540533)
13 Cycle: (-0.2910614268143128, 0.4154092635586555)
13 Cycle: (-0.2839000636860658, 0.40359301439704776)
13 Cycle: (-0.2803193821219421, -0.4493253341771869)
13 Cycle: (-0.26957733742957135, 0.4057414233355219)
13 Cycle: (-0.26599665586544785, -0.4536221520541352)
13 Cycle: (-0.26241597430132435, 0.36062483562756487)
13 Cycle: (-0.25883529273720063, 0.4014446054585735)
13 Cycle: (-0.2480932480448299, 0.3971477875816253)
13 Cycle: (-0.19796370614710002, -0.31075295764560473)
13 Cycle: (-0.15141484581349363, 0.3992961965200994)
13 Cycle: (-0.12276939330050496, 0.39392517417391404)
13 Cycle: (-0.09412394078751651, -0.42569283585397133)
13 Cycle: (-0.026090991069168457, -0.284972050383915)
13 Cycle: (0.009715824572067211, 0.31658245238884497)
13 Cycle: (0.013296506136190711, -0.2742300056915443)
13 Cycle: (0.034780595520932156, -0.27852682356849257)
13 Cycle: (0.08132945585453855, -0.40206033753075576)
13 Cycle: (0.08849081898278577, -0.2667105744068848)
13 Cycle: (0.09565218211103277, 0.3649216535045131)
13 Cycle: (0.11355558993165071, -0.2591911431222253)
13 Cycle: (0.13145899775226866, 0.30584040769647425)
13 Cycle: (0.14936240557288638, 0.33376972389663806)
13 Cycle: (0.1601044502652571, 0.3380665417735863)
13 Cycle: (0.23887944467597588, 0.31550824791960785)
13 Cycle: (0.2567828524965936, -0.3795020436767773)
13 Cycle: (0.3248158022149412, -0.3848730660229627)
13 Cycle: (0.38926807036916555, -0.36661159004593247)
13 Cycle: (0.42865556757452516, 0.2843563183117328)
13 Cycle: (0.4393976122668959, 0.2950983630041035)
13 Cycle: (0.4501396569592666, 0.30584040769647425)
13 Cycle: (0.48594647260050206, 0.23601711719606455)
13 Cycle: (0.5468180591906027, 0.25320438870385775)
13 Cycle: (0.5575601038829734, 0.2650206378654655)
13 Cycle: (0.6363350982936922, 0.1962715518342929)
13 Cycle: (0.6542385061143099, 0.2037909831189525)
13 Cycle: (0.6721419139349281, 0.2757626825578362)
13 Cycle: (0.7938850871151293, -0.31397557105331597)
13 Cycle: (0.7938850871151293, -0.30108511742247107)
13 Cycle: (0.8010464502433763, 0.2768368870270733)
13 Cycle: (0.8082078133716237, 0.18875212054963342)
13 Cycle: (0.811788494935747, 0.27254006915012496)
13 Cycle: (0.8511759921411066, 0.18552950714192218)
13 Cycle: (0.8654987183976006, -0.09806047273666463)
13 Cycle: (0.8726600815258476, -0.08517001910581973)
13 Cycle: (0.9084668971670835, 0.09529633172600827)
13 Cycle: (0.9192089418594542, 0.2585754110500431)
13 Cycle: (0.922789623423578, 0.10818678535685311)
13 Cycle: (0.937112349680072, 0.2403139350730129)
13 Cycle: (0.9514350759365664, 0.08670269597211167)
13 Cycle: (0.9693384837571841, -0.025014568828543804)
13 Cycle: (1.00514529939842, -0.2710073922838331)
13 Cycle: (1.048113478167903, -0.05079547609023344)
13 Cycle: (1.0660168859885206, 0.2220524590959827)
13 Cycle: (1.094662338501509, 0.07381224234126682)
13 Cycle: (1.1125657463221272, -0.013198319666935965)
13 Cycle: (1.1161464278862505, -0.0024562749745652424)
13 Cycle: (1.123307791014498, 0.020102018879413208)
13 Cycle: (1.123307791014498, 0.20916200546513775)
13 Cycle: (1.1268884725786212, 0.03084406357178393)
13 Cycle: (1.1841793776045986, -0.24737489396061751)
13 Cycle: (1.1913407407328456, -0.23555864479900973)
13 Cycle: (1.25579300888707, -0.2205197822296907)
13 Cycle: (1.330987321733665, -0.20870353306808292)
13 Cycle: (1.3488907295542827, 0.15760019094175837)
13 Cycle: (1.3560520926825301, 0.1683422356341291)
13 Cycle: (1.399020271452013, 0.1436355328416764)
13 Cycle: (1.4026009530161363, -0.18614523921410447)
13 Cycle: (1.4455691317856192, 0.13826451049549104)
13 Cycle: (1.4598918580421136, -0.18184842133715617)
13 Cycle: (1.5028600368115965, 0.1339676926185428)
13 Cycle: (1.5995384390429326, 0.11678042111074971)
13 Cycle: (1.6353452546841685, 0.05769917530271074)
13 Cycle: (1.65682934406891, 0.06629281105660734)
13 Cycle: (1.663990707197157, 0.08348008256440043)
13 Cycle: (1.7033782044025165, -0.05938911184413004)
13 Cycle: (1.7105395675307635, 0.04158610826415465)
13 Cycle: (1.7284429753513812, -0.09483785932895339)
13 Cycle: (1.732023656915505, -0.08409581463658267)
13 Cycle: (1.7356043384796287, -0.07335376994421194)
13 Cycle: (1.7499270647361227, -0.05938911184413004)

14 Cycle: (-1.5765261083346749, 0.5228297104823626)
14 Cycle: (-1.5729454267705514, 0.5099392568515179)
14 Cycle: (-1.533557929565192, 0.5271265283593108)
14 Cycle: (-1.4547829351544734, 0.5045682345053325)
14 Cycle: (-1.2936522647689128, 0.49919721215914714)
14 Cycle: (-1.0644886446650044, -0.5127033978621741)
14 Cycle: (-0.9964556949466563, 0.48200994065135394)
14 Cycle: (-0.6276454938419285, 0.4347449440049228)
14 Cycle: (-0.4772568681487386, 0.42292869484331497)
14 Cycle: (-0.23735120335245918, -0.4321380626693938)
14 Cycle: (-0.20512506927534702, -0.4418059028925274)
14 Cycle: (-0.16931825363411135, 0.3531054043429054)
14 Cycle: (-0.1406728011211229, 0.3907025607662028)
14 Cycle: (-0.09770462235164001, 0.3283987015504527)
14 Cycle: (0.26752489718896433, 0.34236335965053466)
14 Cycle: (0.2818476234454588, 0.3036919987580001)
14 Cycle: (0.2961703497019528, 0.31335983898113373)
14 Cycle: (0.4644623832157606, 0.2650206378654655)
14 Cycle: (0.5396566960623557, -0.3462017051304281)
14 Cycle: (0.5933669195242093, -0.3365338649072944)
14 Cycle: (0.6291737351654452, 0.20701359652666362)
14 Cycle: (0.7330135005250287, -0.31397557105331597)
14 Cycle: (0.9013055340388365, 0.11140939876456435)
14 Cycle: (0.9048862156029598, -0.1130993353059836)
14 Cycle: (0.9084668971670835, -0.07765058782116024)
14 Cycle: (0.9156282602953305, -0.06261172525184122)
14 Cycle: (1.0158873440907907, 0.12967087474159456)
14 Cycle: (1.248631645758823, 0.20164257418047826)
14 Cycle: (1.4384077686573722, -0.19473887496800102)
14 Cycle: (1.481375947426855, 0.1436355328416764)
14 Cycle: (1.5100213999398435, -0.1657353542986001)
14 Cycle: (1.5529895787093264, -0.15284490066775525)
14 Cycle: (1.6246032099917977, 0.08562849150287455)
14 Cycle: (1.7177009306590105, -0.023940364359306687)
14 Cycle: (1.7535077463002464, 0.026547245694835686)

15 Cycle: (-1.508493158616327, 0.5196070970746515)
15 Cycle: (-1.4404602088979792, 0.4970488032206729)
15 Cycle: (-1.40107271169262, 0.5142360747284661)
15 Cycle: (-1.3616852144872607, 0.49812300768991)
15 Cycle: (-1.3187170357177778, 0.5088650523822807)
15 Cycle: (-1.2363613597429355, 0.47449050936669435)
15 Cycle: (-1.1862318178452056, -0.5277422604314931)
15 Cycle: (-1.05016591840851, -0.5277422604314931)
15 Cycle: (-0.9713909239977914, 0.48308414512059106)
15 Cycle: (-0.9534875161771735, 0.4519322155127159)
15 Cycle: (-0.9320034267924321, 0.4508580110434789)
15 Cycle: (-0.7637113932786241, 0.4164834680278926)
15 Cycle: (-0.7458079854580064, 0.41111244568170724)
15 Cycle: (-0.7458079854580064, 0.453006419981953)
15 Cycle: (-0.6956784435602763, 0.41326085462018136)
15 Cycle: (-0.6920977619961528, 0.44548698869729353)
15 Cycle: (-0.6670329910472879, 0.4003704009893365)
15 Cycle: (-0.5810966335083221, 0.42829971718950033)
15 Cycle: (-0.5488704994312099, -0.36016636323051)
15 Cycle: (-0.5273864100464685, -0.3612405676997471)
15 Cycle: (-0.5094830022258507, 0.39285096970467703)
15 Cycle: (-0.4342886893792557, -0.46758681015421716)
15 Cycle: (-0.42712732625100847, 0.4186318769663667)
15 Cycle: (-0.42354664468688497, -0.35157272747661344)
15 Cycle: (-0.41280459999451424, -0.3408306827842427)
15 Cycle: (-0.3447716502761664, 0.40359301439704776)
15 Cycle: (-0.3411909687120429, 0.42292869484331497)
15 Cycle: (-0.32686824245554846, -0.43750908501557917)
15 Cycle: (-0.2946421083784363, -0.45254794758489814)
15 Cycle: (0.034780595520932156, -0.4117281777538894)
15 Cycle: (0.10281354523927999, -0.3934667017768592)
15 Cycle: (0.14578172400876288, 0.29080154512715517)
15 Cycle: (0.17800785808587505, 0.29832097641181476)
15 Cycle: (0.23171808154772844, 0.2865047272502069)
15 Cycle: (0.24246012624009916, 0.3541796088121424)
15 Cycle: (0.24604080780422288, -0.3805762481460144)
15 Cycle: (0.3248158022149412, -0.36983420345364365)
15 Cycle: (0.3856873888050423, 0.26179802445775424)
15 Cycle: (0.5253339698058612, -0.35372113641508757)
15 Cycle: (0.5253339698058612, -0.21944557776045365)
15 Cycle: (0.5575601038829734, 0.30691461216571125)
15 Cycle: (0.7186907742685342, -0.14747387832156988)
15 Cycle: (0.7330135005250287, 0.16619382669565497)
15 Cycle: (0.7867237239868823, 0.28757893171944404)
15 Cycle: (0.8726600815258476, -0.12276717552911726)
15 Cycle: (1.0445327966037792, 0.21560723228056022)
15 Cycle: (1.123307791014498, 0.22097825462674558)
15 Cycle: (1.1662759697839808, -0.254894325245277)
15 Cycle: (1.3059225507847998, -0.2269650090451132)
15 Cycle: (1.3202452770412942, -0.22374239563740195)
15 Cycle: (1.4097623161443837, 0.13289348814930568)
15 Cycle: (1.420504360836754, -0.18721944368334154)
15 Cycle: (1.4348270870932485, 0.13826451049549104)
15 Cycle: (1.463472539606237, -0.1700321721755484)
15 Cycle: (1.5100213999398435, -0.15499330960622937)
15 Cycle: (1.5207634446322142, 0.11678042111074971)
15 Cycle: (1.5350861708887087, -0.14747387832156988)
15 Cycle: (1.6747327518895276, -0.10020888167513875)
15 Cycle: (1.7069588859666398, 0.060921788710421976)
15 Cycle: (1.7284429753513812, 0.0544765618949995)
15 Cycle: (1.7463463831719994, -0.07550217888268612)

16 Cycle: (-1.4941704323598328, 0.5013456210976212)
16 Cycle: (-1.2650068122559244, 0.5067166434438065)
16 Cycle: (-1.257845449127677, 0.47556471383593146)
16 Cycle: (-1.0036170580749035, 0.469119487020509)
16 Cycle: (-0.974971605561915, 0.4422643752895823)
16 Cycle: (-0.7744534379709949, -0.3784278392075402)
16 Cycle: (-0.7744534379709949, 0.4594516467973754)
16 Cycle: (-0.5309670916105922, -0.34942431853813927)
16 Cycle: (-0.49874095753348, 0.44011596635110817)
16 Cycle: (-0.45935346032812063, 0.4336707395356857)
16 Cycle: (-0.45219209719987363, -0.33975647831500566)
16 Cycle: (-0.4486114156357499, 0.4250771037817891)
16 Cycle: (-0.4378693709433792, 0.4164834680278926)
16 Cycle: (-0.42354664468688497, 0.3810347205430692)
16 Cycle: (-0.405643236866267, 0.36814426691222435)
16 Cycle: (-0.4020625553021435, -0.3419048872534798)
16 Cycle: (-0.3949011921738963, 0.42185449037407796)
16 Cycle: (-0.3805784659174021, 0.41326085462018136)
16 Cycle: (-0.36983642122503135, -0.330088638091872)
16 Cycle: (-0.3447716502761664, -0.4482511297079499)
16 Cycle: (-0.32686824245554846, -0.450399538646424)
16 Cycle: (-0.17289893519823507, 0.39392517417391404)
16 Cycle: (-0.11918871173638146, 0.3810347205430692)
16 Cycle: (0.18874990277824577, -0.3988377241230446)
16 Cycle: (0.22097603685535772, -0.3805762481460144)
16 Cycle: (0.23171808154772844, -0.375205225799829)
16 Cycle: (0.2925896681378295, 0.34343756411977167)
16 Cycle: (0.40359079662566, -0.23555864479900973)
16 Cycle: (0.48594647260050206, 0.3122856345118966)
16 Cycle: (0.521753288241738, 0.2865047272502069)
16 Cycle: (0.5790441932677148, -0.1678837632370742)
16 Cycle: (0.60410896421658, 0.21560723228056022)
16 Cycle: (0.611270327344827, -0.1700321721755484)
16 Cycle: (0.7186907742685342, -0.13028660681377674)
16 Cycle: (0.7938850871151293, 0.19412314289581878)
16 Cycle: (0.797465768679253, 0.14793235071862476)
16 Cycle: (0.8225305396281177, 0.2650206378654655)
16 Cycle: (0.8404339474487359, -0.10235729061361287)
16 Cycle: (0.8583373552693536, 0.12215144345693507)
16 Cycle: (0.8869828077823421, -0.30108511742247107)
16 Cycle: (0.9192089418594542, -0.2914172771993374)
16 Cycle: (0.9263703049877012, 0.2317202993191163)
16 Cycle: (0.929950986551825, 0.2671690468039396)
16 Cycle: (0.9514350759365664, 0.15867439541099548)
16 Cycle: (0.9514350759365664, 0.23816552613453867)
16 Cycle: (0.9693384837571841, 0.06414440211813321)
16 Cycle: (0.9872418915778023, 0.12107723898769795)
16 Cycle: (1.0015646178342963, 0.12107723898769795)
16 Cycle: (1.3417293664260357, -0.21407455541426829)
16 Cycle: (1.3954395898878893, 0.15867439541099548)
16 Cycle: (1.4169236792726307, 0.15867439541099548)
16 Cycle: (1.5100213999398435, -0.179700012398682)
16 Cycle: (1.5601509418375734, -0.1313608112830138)
16 Cycle: (1.5780543496581916, -0.13673183362919916)
16 Cycle: (1.5959577574788093, -0.1356576291599621)
16 Cycle: (1.6031191206070563, -0.12276717552911726)
16 Cycle: (1.621022528427674, -0.14210285597538452)
16 Cycle: (1.6281838915559215, -0.1216929710598802)
16 Cycle: (1.6747327518895276, 0.09099951384905991)
16 Cycle: (1.7177009306590105, 0.0544765618949995)

17 Cycle: (-1.7412374602843592, 0.5249781194208368)
17 Cycle: (-1.5622033820781807, 0.5110134613207548)
17 Cycle: (-1.2721681753841714, -0.5331132827776784)
17 Cycle: (-1.257845449127677, 0.4949003942821987)
17 Cycle: (-1.1647477284604641, -0.5223712380853078)
17 Cycle: (-1.1611670468963406, 0.47341630489745745)
17 Cycle: (-1.1110375049986105, -0.5223712380853078)
17 Cycle: (-0.9892943318184092, 0.43904176188187105)
17 Cycle: (-0.9534875161771735, 0.4712678959589832)
17 Cycle: (-0.7851954826633656, -0.3859472704921997)
17 Cycle: (-0.7637113932786241, -0.38379886155372556)
17 Cycle: (-0.6312261754060522, -0.36016636323051)
17 Cycle: (-0.6204841307136815, -0.36661159004593247)
17 Cycle: (-0.5882579966365693, -0.36983420345364365)
17 Cycle: (-0.5452898178670864, 0.38640574288925456)
17 Cycle: (-0.2480932480448299, 0.3445117685890088)
17 Cycle: (-0.058317125146280624, -0.42247022244626015)
17 Cycle: (0.11355558993165071, 0.3112114300426596)
17 Cycle: (0.18516922121412205, 0.28005950043478456)
17 Cycle: (0.2961703497019528, 0.3262502926119786)
17 Cycle: (0.37852602567679483, 0.3380665417735863)
17 Cycle: (0.3928487519332893, -0.23985546267595803)
17 Cycle: (0.4537203385233899, -0.3623147721689841)
17 Cycle: (0.47878510947225505, 0.32302767920426734)
17 Cycle: (0.4895271541646258, 0.29939518088105177)
17 Cycle: (0.5110112435493672, -0.2065551241296088)
17 Cycle: (0.5253339698058612, -0.19366467049876396)
17 Cycle: (0.5754635117035916, -0.21300035094503122)
17 Cycle: (0.5862055563959623, 0.2489075708269094)
17 Cycle: (0.6506578245501866, -0.17540319452173375)
17 Cycle: (0.6936260033196691, -0.14639967385233282)
17 Cycle: (0.7437555452173994, 0.21131041440361198)
17 Cycle: (0.7509169083456464, 0.28865313618868105)
17 Cycle: (0.7759816792945116, 0.15760019094175837)
17 Cycle: (0.8153691764998707, -0.15177069619851818)
17 Cycle: (0.8941441709105891, -0.11847035765216896)
17 Cycle: (0.929950986551825, -0.0647601341903154)
17 Cycle: (0.9908225731419256, 0.2231266635652197)
17 Cycle: (1.0373714334755322, 0.11678042111074971)
17 Cycle: (1.0516941597320262, 0.24246234401148703)
17 Cycle: (1.1913407407328456, 0.21668143674979734)
17 Cycle: (1.2199861932458345, 0.21131041440361198)
17 Cycle: (1.2522123273229462, -0.24200387161443215)
17 Cycle: (1.3130839139130472, 0.1704906445726032)
17 Cycle: (1.45631117647799, 0.13611610155701692)
17 Cycle: (1.481375947426855, 0.1242998523954092)
17 Cycle: (1.5494088971452027, -0.1657353542986001)
17 Cycle: (1.5529895787093264, 0.10281576301066775)
17 Cycle: (1.5887963943505623, 0.12215144345693507)
17 Cycle: (1.6102804837353033, 0.08562849150287455)
17 Cycle: (1.6854747965818984, -0.07335376994421194)
17 Cycle: (1.6997975228383928, 0.010434178656279602)

18 Cycle: (-1.7949476837462128, 0.526052323890074)
18 Cycle: (-1.7806249574897184, 0.526052323890074)
18 Cycle: (-1.5192352033086978, 0.4959745987514358)
18 Cycle: (-1.426137482641485, 0.49275198534372466)
18 Cycle: (-1.2471034044353062, -0.5298906693699673)
18 Cycle: (-1.1969738625375763, 0.4701936914897461)
18 Cycle: (-1.1790704547169586, 0.4616000557358496)
18 Cycle: (-1.1002954603062398, -0.5277422604314931)
18 Cycle: (-1.089553415613869, 0.4594516467973754)
18 Cycle: (-0.8854545664588257, 0.4336707395356857)
18 Cycle: (-0.8782932033305785, 0.4712678959589832)
18 Cycle: (-0.7601307117145006, 0.44656119316653053)
18 Cycle: (-0.7422273038938829, 0.4272255127202633)
18 Cycle: (-0.7386466223297592, -0.4944419218851439)
18 Cycle: (-0.7171625329450177, 0.4186318769663667)
18 Cycle: (-0.606161404457187, 0.4433385797588193)
18 Cycle: (-0.523805728482345, -0.4761804459081137)
18 Cycle: (-0.4414500525075029, 0.3831831294815433)
18 Cycle: (-0.42354664468688497, -0.45469635652337226)
18 Cycle: (-0.19796370614710002, 0.3992961965200994)
18 Cycle: (0.034780595520932156, 0.37673790266612095)
18 Cycle: (0.13503967931639216, -0.39239249730762216)
18 Cycle: (0.2890089865737058, -0.3848730660229627)
18 Cycle: (0.2997510312660765, -0.3762794302690661)
18 Cycle: (0.3606226178561771, -0.2366328492682468)
18 Cycle: (0.4501396569592666, 0.2639464333962285)
18 Cycle: (0.46088170165163733, 0.3294729060196898)
18 Cycle: (0.5002691988569965, 0.27146586468088796)
18 Cycle: (0.5038498804211198, 0.3198050657965561)
18 Cycle: (0.5575601038829734, -0.3504985230073764)
18 Cycle: (0.596947601088333, 0.2757626825578362)
18 Cycle: (0.611270327344827, 0.30691461216571125)
18 Cycle: (0.6793032770631751, -0.1582159230139406)
18 Cycle: (0.7473362267815227, 0.2757626825578362)
18 Cycle: (0.8368532658846122, 0.12967087474159456)
18 Cycle: (0.9585964390648134, 0.06844121999508146)
18 Cycle: (0.9657578021930608, 0.14470973731091352)
18 Cycle: (0.9944032547060493, 0.25320438870385775)
18 Cycle: (1.0230487072190377, -0.2796010280377297)
18 Cycle: (1.048113478167903, -0.2656363699376477)
18 Cycle: (1.0767589306808913, -0.27637841463001844)
18 Cycle: (1.087500975373262, 0.23709132166530167)
18 Cycle: (1.0982430200656328, 0.21882984568827146)
18 Cycle: (1.123307791014498, -0.25059750736832875)
18 Cycle: (1.123307791014498, 0.1962715518342929)
18 Cycle: (1.1519532435274864, 0.21775564121903435)
18 Cycle: (1.2736964167076876, -0.23770705373748385)
18 Cycle: (1.280857779835935, -0.2269650090451132)
18 Cycle: (1.3488907295542827, 0.18123268926497393)
18 Cycle: (1.3560520926825301, -0.2065551241296088)
18 Cycle: (1.40618163458026, 0.15437757753404713)
18 Cycle: (1.4384077686573722, 0.15008075965709888)
18 Cycle: (1.4670532211703606, 0.14900655518786177)
18 Cycle: (1.5100213999398435, 0.12215144345693507)
18 Cycle: (1.538666852452832, 0.11785462557998672)
18 Cycle: (1.5923770759146856, -0.12061876659064308)
18 Cycle: (1.7749918356849879, -0.047572862682522254)
18 Cycle: (1.7785725172491111, -0.035756613520914415)

19 Cycle: (-1.490589750795709, 0.5239039149515997)
19 Cycle: (-1.3008136278971598, -0.5320390783084414)
19 Cycle: (-1.0537465999726336, 0.45622903338966425)
19 Cycle: (-0.8210022983046014, -0.3945409062460963)
19 Cycle: (-0.8174216167404778, 0.4240028993125521)
19 Cycle: (-0.7959375273557363, 0.4143350590894185)
19 Cycle: (-0.7887761642274893, 0.45622903338966425)
19 Cycle: (-0.7565500301503771, -0.49014510400819566)
19 Cycle: (-0.6419682200984229, 0.4497838065742418)
19 Cycle: (-0.5631932256877041, 0.43796755741263405)
19 Cycle: (-0.3949011921738963, 0.36707006244298723)
19 Cycle: (-0.36267505809678435, 0.41111244568170724)
19 Cycle: (-0.17647961676235857, -0.435360676077105)
19 Cycle: (-0.1478341642493699, -0.42891544926168257)
19 Cycle: (-0.004606901684427234, 0.3187308613273191)
19 Cycle: (0.024038550828561434, 0.3649216535045131)
19 Cycle: (0.024038550828561434, 0.37673790266612095)
19 Cycle: (0.027619232392684934, 0.32410188367350445)
19 Cycle: (0.034780595520932156, 0.30476620322723713)
19 Cycle: (0.13145899775226866, -0.4031345419999929)
19 Cycle: (0.21381467372711072, 0.34773438199672)
19 Cycle: (0.24246012624009916, 0.2843563183117328)
19 Cycle: (0.2639442156248406, 0.3036919987580001)
19 Cycle: (0.26752489718896433, -0.38379886155372556)
19 Cycle: (0.3104930759584472, -0.3848730660229627)
19 Cycle: (0.33555784690731194, -0.24415228055290633)
19 Cycle: (0.3498805731638064, -0.2269650090451132)
19 Cycle: (0.3498805731638064, 0.3348439283658752)
19 Cycle: (0.41791352288215444, 0.3208792702657932)
19 Cycle: (0.4501396569592666, 0.31658245238884497)
19 Cycle: (0.47162374634400805, 0.2757626825578362)
19 Cycle: (0.6255930536013214, -0.3408306827842427)
19 Cycle: (0.6291737351654452, 0.2929499540656294)
19 Cycle: (0.6542385061143099, 0.3015435898195259)
19 Cycle: (0.7473362267815227, -0.13780603809843622)
19 Cycle: (0.8261112211922415, 0.18982632501887053)
19 Cycle: (0.8905634893464658, 0.26287222892699136)
19 Cycle: (0.9013055340388365, 0.16297121328794373)
19 Cycle: (0.9120475787312072, 0.24246234401148703)
19 Cycle: (0.9836612100136786, 0.014730996533227847)
19 Cycle: (1.00514529939842, -0.09054104145200509)
19 Cycle: (1.00514529939842, 0.23279450378835342)
19 Cycle: (1.040952115039656, 0.09529633172600827)
19 Cycle: (1.080339612245015, 0.21668143674979734)
19 Cycle: (1.1483725619633627, 0.2048651875881895)
19 Cycle: (1.2844384614000584, 0.18445530267268517)
19 Cycle: (1.288019142964182, 0.20056836971124126)
19 Cycle: (1.295180506092429, 0.18982632501887053)
19 Cycle: (1.420504360836754, 0.14578394178015064)
19 Cycle: (1.4312464055291247, 0.1694164401033662)
19 Cycle: (1.4706339027344844, -0.1807742168679191)
19 Cycle: (1.4921179921192258, 0.13074507921083156)
19 Cycle: (1.5350861708887087, -0.15929012748317767)
19 Cycle: (1.6460872993765392, -0.09698626826742751)
19 Cycle: (1.7069588859666398, 0.07810906021821507)
19 Cycle: (1.7177009306590105, -0.09161524592124215)
19 Cycle: (1.7284429753513812, -0.005678888382276481)
19 Cycle: (1.7570884278643701, -0.07013115653650076)
19 Cycle: (1.7678304725567409, -0.006753092851513487)
